{
 "cells": [
  {
   "cell_type": "code",
   "execution_count": 2,
   "metadata": {},
   "outputs": [],
   "source": [
    "import glob\n",
    "import pandas as pd\n",
    "# get data file names\n",
    "path =r'C:/Users/Thanos/Documents/MEGA/MEGAsync/Github/Cryptocurrency Historical Prices'\n",
    "filenames = glob.glob(path + \"/*.csv\")\n",
    "\n",
    "dfs = []\n",
    "for filename in filenames:\n",
    "    dfs.append(pd.read_csv(filename))\n",
    "\n",
    "# Concatenate all data into one DataFrame\n",
    "big_crypto = pd.concat(dfs, ignore_index=True)"
   ]
  },
  {
   "cell_type": "code",
   "execution_count": 3,
   "metadata": {},
   "outputs": [
    {
     "data": {
      "text/plain": [
       "(37082, 10)"
      ]
     },
     "execution_count": 3,
     "metadata": {},
     "output_type": "execute_result"
    }
   ],
   "source": [
    "big_crypto.shape"
   ]
  },
  {
   "cell_type": "code",
   "execution_count": 4,
   "metadata": {},
   "outputs": [
    {
     "data": {
      "text/plain": [
       "Index(['SNo', 'Name', 'Symbol', 'Date', 'High', 'Low', 'Open', 'Close',\n",
       "       'Volume', 'Marketcap'],\n",
       "      dtype='object')"
      ]
     },
     "execution_count": 4,
     "metadata": {},
     "output_type": "execute_result"
    }
   ],
   "source": [
    "big_crypto.columns"
   ]
  },
  {
   "cell_type": "code",
   "execution_count": 5,
   "metadata": {},
   "outputs": [
    {
     "data": {
      "text/html": [
       "<div><div id=29b4c00f-3213-479a-94bf-d9c13180f0a2 style=\"display:none; background-color:#9D6CFF; color:white; width:200px; height:30px; padding-left:5px; border-radius:4px; flex-direction:row; justify-content:space-around; align-items:center;\" onmouseover=\"this.style.backgroundColor='#BA9BF8'\" onmouseout=\"this.style.backgroundColor='#9D6CFF'\" onclick=\"window.commands?.execute('create-mitosheet-from-dataframe-output');\">See Full Dataframe in Mito</div> <script> if (window.commands.hasCommand('create-mitosheet-from-dataframe-output')) document.getElementById('29b4c00f-3213-479a-94bf-d9c13180f0a2').style.display = 'flex' </script> <table border=\"1\" class=\"dataframe\">\n",
       "  <thead>\n",
       "    <tr style=\"text-align: right;\">\n",
       "      <th></th>\n",
       "      <th>SNo</th>\n",
       "      <th>Name</th>\n",
       "      <th>Symbol</th>\n",
       "      <th>Date</th>\n",
       "      <th>High</th>\n",
       "      <th>Low</th>\n",
       "      <th>Open</th>\n",
       "      <th>Close</th>\n",
       "      <th>Volume</th>\n",
       "      <th>Marketcap</th>\n",
       "    </tr>\n",
       "  </thead>\n",
       "  <tbody>\n",
       "    <tr>\n",
       "      <th>0</th>\n",
       "      <td>1</td>\n",
       "      <td>Aave</td>\n",
       "      <td>AAVE</td>\n",
       "      <td>2020-10-05 23:59:59</td>\n",
       "      <td>55.112358</td>\n",
       "      <td>49.7879</td>\n",
       "      <td>52.675035</td>\n",
       "      <td>53.219243</td>\n",
       "      <td>0.0</td>\n",
       "      <td>89128128.860847</td>\n",
       "    </tr>\n",
       "    <tr>\n",
       "      <th>1</th>\n",
       "      <td>2</td>\n",
       "      <td>Aave</td>\n",
       "      <td>AAVE</td>\n",
       "      <td>2020-10-06 23:59:59</td>\n",
       "      <td>53.40227</td>\n",
       "      <td>40.734578</td>\n",
       "      <td>53.291969</td>\n",
       "      <td>42.401599</td>\n",
       "      <td>583091.459763</td>\n",
       "      <td>71011441.254512</td>\n",
       "    </tr>\n",
       "    <tr>\n",
       "      <th>2</th>\n",
       "      <td>3</td>\n",
       "      <td>Aave</td>\n",
       "      <td>AAVE</td>\n",
       "      <td>2020-10-07 23:59:59</td>\n",
       "      <td>42.408314</td>\n",
       "      <td>35.97069</td>\n",
       "      <td>42.399947</td>\n",
       "      <td>40.083976</td>\n",
       "      <td>682834.186323</td>\n",
       "      <td>67130036.899818</td>\n",
       "    </tr>\n",
       "    <tr>\n",
       "      <th>3</th>\n",
       "      <td>4</td>\n",
       "      <td>Aave</td>\n",
       "      <td>AAVE</td>\n",
       "      <td>2020-10-08 23:59:59</td>\n",
       "      <td>44.902511</td>\n",
       "      <td>36.696057</td>\n",
       "      <td>39.885262</td>\n",
       "      <td>43.764463</td>\n",
       "      <td>1658816.922604</td>\n",
       "      <td>220265142.109568</td>\n",
       "    </tr>\n",
       "    <tr>\n",
       "      <th>4</th>\n",
       "      <td>5</td>\n",
       "      <td>Aave</td>\n",
       "      <td>AAVE</td>\n",
       "      <td>2020-10-09 23:59:59</td>\n",
       "      <td>47.569533</td>\n",
       "      <td>43.291776</td>\n",
       "      <td>43.764463</td>\n",
       "      <td>46.817744</td>\n",
       "      <td>815537.660783</td>\n",
       "      <td>235632208.162699</td>\n",
       "    </tr>\n",
       "  </tbody>\n",
       "</table></div>"
      ],
      "text/plain": [
       "   SNo  Name Symbol                 Date       High        Low       Open  \\\n",
       "0    1  Aave   AAVE  2020-10-05 23:59:59  55.112358    49.7879  52.675035   \n",
       "1    2  Aave   AAVE  2020-10-06 23:59:59   53.40227  40.734578  53.291969   \n",
       "2    3  Aave   AAVE  2020-10-07 23:59:59  42.408314   35.97069  42.399947   \n",
       "3    4  Aave   AAVE  2020-10-08 23:59:59  44.902511  36.696057  39.885262   \n",
       "4    5  Aave   AAVE  2020-10-09 23:59:59  47.569533  43.291776  43.764463   \n",
       "\n",
       "       Close          Volume         Marketcap  \n",
       "0  53.219243             0.0   89128128.860847  \n",
       "1  42.401599   583091.459763   71011441.254512  \n",
       "2  40.083976   682834.186323   67130036.899818  \n",
       "3  43.764463  1658816.922604  220265142.109568  \n",
       "4  46.817744   815537.660783  235632208.162699  "
      ]
     },
     "execution_count": 5,
     "metadata": {},
     "output_type": "execute_result"
    }
   ],
   "source": [
    "big_crypto.head()"
   ]
  },
  {
   "cell_type": "code",
   "execution_count": 6,
   "metadata": {},
   "outputs": [
    {
     "data": {
      "text/plain": [
       "SNo           int64\n",
       "Name         object\n",
       "Symbol       object\n",
       "Date         object\n",
       "High         object\n",
       "Low          object\n",
       "Open         object\n",
       "Close        object\n",
       "Volume       object\n",
       "Marketcap    object\n",
       "dtype: object"
      ]
     },
     "execution_count": 6,
     "metadata": {},
     "output_type": "execute_result"
    }
   ],
   "source": [
    "big_crypto.dtypes"
   ]
  },
  {
   "cell_type": "code",
   "execution_count": 7,
   "metadata": {},
   "outputs": [],
   "source": [
    "big_crypto['Date'] = pd.to_datetime(big_crypto['Date'])"
   ]
  },
  {
   "cell_type": "markdown",
   "metadata": {},
   "source": [
    "Correct column dtypes"
   ]
  },
  {
   "cell_type": "code",
   "execution_count": 8,
   "metadata": {},
   "outputs": [],
   "source": [
    "big_crypto['High'] = pd.to_numeric(big_crypto['High'],errors = 'coerce')\n",
    "big_crypto['Low'] = pd.to_numeric(big_crypto['Low'],errors = 'coerce')\n",
    "big_crypto['Open'] = pd.to_numeric(big_crypto['Open'],errors = 'coerce')\n",
    "big_crypto['Close'] = pd.to_numeric(big_crypto['Close'],errors = 'coerce')\n",
    "big_crypto['Volume'] = pd.to_numeric(big_crypto['Volume'],errors = 'coerce')\n",
    "big_crypto['Marketcap'] = pd.to_numeric(big_crypto['Marketcap'],errors = 'coerce')"
   ]
  },
  {
   "cell_type": "code",
   "execution_count": 9,
   "metadata": {},
   "outputs": [
    {
     "data": {
      "text/plain": [
       "SNo                   int64\n",
       "Name                 object\n",
       "Symbol               object\n",
       "Date         datetime64[ns]\n",
       "High                float64\n",
       "Low                 float64\n",
       "Open                float64\n",
       "Close               float64\n",
       "Volume              float64\n",
       "Marketcap           float64\n",
       "dtype: object"
      ]
     },
     "execution_count": 9,
     "metadata": {},
     "output_type": "execute_result"
    }
   ],
   "source": [
    "big_crypto.dtypes"
   ]
  },
  {
   "cell_type": "markdown",
   "metadata": {},
   "source": [
    "Plot correlation matrix"
   ]
  },
  {
   "cell_type": "code",
   "execution_count": 10,
   "metadata": {},
   "outputs": [
    {
     "data": {
      "text/plain": [
       "array(['Aave', 'Binance Coin', 'Bitcoin', 'Cardano', 'Chainlink',\n",
       "       'Cosmos', 'Crypto.com Coin', 'Dogecoin', 'EOS', 'Ethereum', 'IOTA',\n",
       "       'Litecoin', 'Monero', 'NEM', 'Polkadot', 'Solana', 'Stellar',\n",
       "       'Tether', 'TRON', 'Uniswap', 'USD Coin', 'Wrapped Bitcoin', 'XRP'],\n",
       "      dtype=object)"
      ]
     },
     "execution_count": 10,
     "metadata": {},
     "output_type": "execute_result"
    }
   ],
   "source": [
    "big_crypto['Name'].unique()"
   ]
  },
  {
   "cell_type": "markdown",
   "metadata": {},
   "source": [
    "Calculate correlations among numeric columns per crypto!"
   ]
  },
  {
   "cell_type": "code",
   "execution_count": 11,
   "metadata": {},
   "outputs": [
    {
     "data": {
      "text/plain": [
       "[               High       Low      Open     Close    Volume  Marketcap\n",
       " High       1.000000  0.986692  0.993092  0.993260  0.662403   0.993034\n",
       " Low        0.986692  1.000000  0.987773  0.993655  0.568600   0.992230\n",
       " Open       0.993092  0.987773  1.000000  0.986409  0.602500   0.985926\n",
       " Close      0.993260  0.993655  0.986409  1.000000  0.619731   0.999130\n",
       " Volume     0.662403  0.568600  0.602500  0.619731  1.000000   0.620913\n",
       " Marketcap  0.993034  0.992230  0.985926  0.999130  0.620913   1.000000,\n",
       "                High       Low      Open     Close    Volume  Marketcap\n",
       " High       1.000000  0.996303  0.998117  0.998175  0.846166   0.998072\n",
       " Low        0.996303  1.000000  0.996755  0.997947  0.811833   0.997821\n",
       " Open       0.998117  0.996755  1.000000  0.995510  0.826029   0.995368\n",
       " Close      0.998175  0.997947  0.995510  1.000000  0.836167   0.999902\n",
       " Volume     0.846166  0.811833  0.826029  0.836167  1.000000   0.837466\n",
       " Marketcap  0.998072  0.997821  0.995368  0.999902  0.837466   1.000000,\n",
       "                High       Low      Open     Close    Volume  Marketcap\n",
       " High       1.000000  0.994920  0.997585  0.995982  0.910802   0.997859\n",
       " Low        0.994920  1.000000  0.979406  0.998886  0.841900   0.998934\n",
       " Open       0.997585  0.979406  1.000000  0.995434  0.849336   0.996037\n",
       " Close      0.995982  0.998886  0.995434  1.000000  0.869048   0.999624\n",
       " Volume     0.910802  0.841900  0.849336  0.869048  1.000000   0.879948\n",
       " Marketcap  0.997859  0.998934  0.996037  0.999624  0.879948   1.000000,\n",
       "                High       Low      Open     Close    Volume  Marketcap\n",
       " High       1.000000  0.994308  0.997223  0.998240  0.764555   0.995786\n",
       " Low        0.994308  1.000000  0.995365  0.996618  0.731860   0.995527\n",
       " Open       0.997223  0.995365  1.000000  0.995126  0.746914   0.993291\n",
       " Close      0.998240  0.996618  0.995126  1.000000  0.756520   0.998078\n",
       " Volume     0.764555  0.731860  0.746914  0.756520  1.000000   0.767113\n",
       " Marketcap  0.995786  0.995527  0.993291  0.998078  0.767113   1.000000,\n",
       "                High       Low      Open     Close    Volume  Marketcap\n",
       " High       1.000000  0.995938  0.998359  0.997714  0.226176   0.996603\n",
       " Low        0.995938  1.000000  0.995679  0.997764  0.221394   0.995950\n",
       " Open       0.998359  0.995679  1.000000  0.995029  0.222093   0.993844\n",
       " Close      0.997714  0.997764  0.995029  1.000000  0.223829   0.998519\n",
       " Volume     0.226176  0.221394  0.222093  0.223829  1.000000   0.220495\n",
       " Marketcap  0.996603  0.995950  0.993844  0.998519  0.220495   1.000000,\n",
       "                High       Low      Open     Close    Volume  Marketcap\n",
       " High       1.000000  0.992218  0.996534  0.996078  0.721099   0.983930\n",
       " Low        0.992218  1.000000  0.992986  0.995531  0.680097   0.984930\n",
       " Open       0.996534  0.992986  1.000000  0.991757  0.693755   0.980598\n",
       " Close      0.996078  0.995531  0.991757  1.000000  0.711726   0.988718\n",
       " Volume     0.721099  0.680097  0.693755  0.711726  1.000000   0.723265\n",
       " Marketcap  0.983930  0.984930  0.980598  0.988718  0.723265   1.000000,\n",
       "                High       Low      Open     Close    Volume  Marketcap\n",
       " High       1.000000  0.988947  0.992618  0.994779  0.614024   0.952238\n",
       " Low        0.988947  1.000000  0.995199  0.995786  0.538746   0.953404\n",
       " Open       0.992618  0.995199  1.000000  0.992570  0.556353   0.952910\n",
       " Close      0.994779  0.995786  0.992570  1.000000  0.583809   0.958047\n",
       " Volume     0.614024  0.538746  0.556353  0.583809  1.000000   0.631433\n",
       " Marketcap  0.952238  0.953404  0.952910  0.958047  0.631433   1.000000,\n",
       "                High       Low      Open     Close    Volume  Marketcap\n",
       " High       1.000000  0.983996  0.992309  0.993554  0.726273   0.993496\n",
       " Low        0.983996  1.000000  0.991880  0.993411  0.640496   0.993519\n",
       " Open       0.992309  0.991880  1.000000  0.989208  0.665606   0.989258\n",
       " Close      0.993554  0.993411  0.989208  1.000000  0.704855   0.999991\n",
       " Volume     0.726273  0.640496  0.665606  0.704855  1.000000   0.703837\n",
       " Marketcap  0.993496  0.993519  0.989258  0.999991  0.703837   1.000000,\n",
       "                High       Low      Open     Close    Volume  Marketcap\n",
       " High       1.000000  0.988783  0.992688  0.994966  0.123099   0.952096\n",
       " Low        0.988783  1.000000  0.991722  0.993016  0.073277   0.962820\n",
       " Open       0.992688  0.991722  1.000000  0.986565  0.093316   0.950462\n",
       " Close      0.994966  0.993016  0.986565  1.000000  0.104162   0.961498\n",
       " Volume     0.123099  0.073277  0.093316  0.104162  1.000000   0.217509\n",
       " Marketcap  0.952096  0.962820  0.950462  0.961498  0.217509   1.000000,\n",
       "                High       Low      Open     Close    Volume  Marketcap\n",
       " High       1.000000  0.997070  0.998863  0.998457  0.775234   0.996788\n",
       " Low        0.997070  1.000000  0.997049  0.998552  0.761179   0.996887\n",
       " Open       0.998863  0.997049  1.000000  0.996722  0.771592   0.995078\n",
       " Close      0.998457  0.998552  0.996722  1.000000  0.769200   0.998351\n",
       " Volume     0.775234  0.761179  0.771592  0.769200  1.000000   0.785412\n",
       " Marketcap  0.996788  0.996887  0.995078  0.998351  0.785412   1.000000,\n",
       "                High       Low      Open     Close    Volume  Marketcap\n",
       " High       1.000000  0.991033  0.994855  0.996427  0.706555   0.996427\n",
       " Low        0.991033  1.000000  0.991779  0.994386  0.637192   0.994386\n",
       " Open       0.994855  0.991779  1.000000  0.990876  0.660969   0.990876\n",
       " Close      0.996427  0.994386  0.990876  1.000000  0.688989   1.000000\n",
       " Volume     0.706555  0.637192  0.660969  0.688989  1.000000   0.688990\n",
       " Marketcap  0.996427  0.994386  0.990876  1.000000  0.688990   1.000000,\n",
       "                High       Low      Open     Close    Volume  Marketcap\n",
       " High       1.000000  0.995456  0.997657  0.998110  0.614985   0.990942\n",
       " Low        0.995456  1.000000  0.996221  0.997490  0.605132   0.991456\n",
       " Open       0.997657  0.996221  1.000000  0.995388  0.609314   0.988886\n",
       " Close      0.998110  0.997490  0.995388  1.000000  0.612530   0.993302\n",
       " Volume     0.614985  0.605132  0.609314  0.612530  1.000000   0.666712\n",
       " Marketcap  0.990942  0.991456  0.988886  0.993302  0.666712   1.000000,\n",
       "                High       Low      Open     Close    Volume  Marketcap\n",
       " High       1.000000  0.995523  0.998069  0.997675  0.160421   0.994020\n",
       " Low        0.995523  1.000000  0.995730  0.997455  0.159612   0.994962\n",
       " Open       0.998069  0.995730  1.000000  0.995164  0.158412   0.991934\n",
       " Close      0.997675  0.997455  0.995164  1.000000  0.160695   0.996674\n",
       " Volume     0.160421  0.159612  0.158412  0.160695  1.000000   0.174551\n",
       " Marketcap  0.994020  0.994962  0.991934  0.996674  0.174551   1.000000,\n",
       "                High       Low      Open     Close    Volume  Marketcap\n",
       " High       1.000000  0.991620  0.995220  0.996796  0.239539   0.996796\n",
       " Low        0.991620  1.000000  0.992730  0.994092  0.228833   0.994092\n",
       " Open       0.995220  0.992730  1.000000  0.990302  0.234984   0.990302\n",
       " Close      0.996796  0.994092  0.990302  1.000000  0.234733   1.000000\n",
       " Volume     0.239539  0.228833  0.234984  0.234733  1.000000   0.234733\n",
       " Marketcap  0.996796  0.994092  0.990302  1.000000  0.234733   1.000000,\n",
       "                High       Low      Open     Close    Volume  Marketcap\n",
       " High       1.000000  0.990655  0.996537  0.995320  0.654647   0.993037\n",
       " Low        0.990655  1.000000  0.990897  0.995555  0.575552   0.993087\n",
       " Open       0.996537  0.990897  1.000000  0.991313  0.628795   0.989448\n",
       " Close      0.995320  0.995555  0.991313  1.000000  0.621254   0.997340\n",
       " Volume     0.654647  0.575552  0.628795  0.621254  1.000000   0.619875\n",
       " Marketcap  0.993037  0.993087  0.989448  0.997340  0.619875   1.000000,\n",
       "                High       Low      Open     Close    Volume  Marketcap\n",
       " High       1.000000  0.992466  0.996386  0.996112  0.834377   0.994716\n",
       " Low        0.992466  1.000000  0.993550  0.996249  0.771200   0.994915\n",
       " Open       0.996386  0.993550  1.000000  0.991606  0.805863   0.990413\n",
       " Close      0.996112  0.996249  0.991606  1.000000  0.806082   0.998543\n",
       " Volume     0.834377  0.771200  0.805863  0.806082  1.000000   0.805051\n",
       " Marketcap  0.994716  0.994915  0.990413  0.998543  0.805051   1.000000,\n",
       "                High       Low      Open     Close    Volume  Marketcap\n",
       " High       1.000000  0.991427  0.994450  0.996039  0.589134   0.987817\n",
       " Low        0.991427  1.000000  0.994839  0.995878  0.560757   0.989037\n",
       " Open       0.994450  0.994839  1.000000  0.993810  0.564408   0.986060\n",
       " Close      0.996039  0.995878  0.993810  1.000000  0.579614   0.991849\n",
       " Volume     0.589134  0.560757  0.564408  0.579614  1.000000   0.641006\n",
       " Marketcap  0.987817  0.989037  0.986060  0.991849  0.641006   1.000000,\n",
       "                High       Low      Open     Close    Volume  Marketcap\n",
       " High       1.000000  0.619614  0.846139  0.853601 -0.010937  -0.059102\n",
       " Low        0.619614  1.000000  0.868126  0.867075  0.047983   0.074480\n",
       " Open       0.846139  0.868126  1.000000  0.941989  0.026575   0.013205\n",
       " Close      0.853601  0.867075  0.941989  1.000000  0.025286   0.012710\n",
       " Volume    -0.010937  0.047983  0.026575  0.025286  1.000000   0.828266\n",
       " Marketcap -0.059102  0.074480  0.013205  0.012710  0.828266   1.000000,\n",
       "                High       Low      Open     Close    Volume  Marketcap\n",
       " High       1.000000  0.979810  0.987136  0.992675  0.569646   0.989005\n",
       " Low        0.979810  1.000000  0.988816  0.988122  0.555740   0.989187\n",
       " Open       0.987136  0.988816  1.000000  0.982244  0.548446   0.980845\n",
       " Close      0.992675  0.988122  0.982244  1.000000  0.571166   0.998133\n",
       " Volume     0.569646  0.555740  0.548446  0.571166  1.000000   0.598744\n",
       " Marketcap  0.989005  0.989187  0.980845  0.998133  0.598744   1.000000,\n",
       "                High       Low      Open     Close    Volume  Marketcap\n",
       " High       1.000000  0.990794  0.995027  0.996083  0.021241   0.967787\n",
       " Low        0.990794  1.000000  0.992300  0.994653 -0.030881   0.969630\n",
       " Open       0.995027  0.992300  1.000000  0.990918 -0.014928   0.967311\n",
       " Close      0.996083  0.994653  0.990918  1.000000  0.006118   0.971761\n",
       " Volume     0.021241 -0.030881 -0.014928  0.006118  1.000000  -0.083428\n",
       " Marketcap  0.967787  0.969630  0.967311  0.971761 -0.083428   1.000000,\n",
       "                High       Low      Open     Close    Volume  Marketcap\n",
       " High       1.000000  0.210439  0.687233  0.738854 -0.397204  -0.390560\n",
       " Low        0.210439  1.000000  0.546403  0.583044 -0.038608   0.057480\n",
       " Open       0.687233  0.546403  1.000000  0.764051 -0.302093  -0.248162\n",
       " Close      0.738854  0.583044  0.764051  1.000000 -0.297088  -0.249276\n",
       " Volume    -0.397204 -0.038608 -0.302093 -0.297088  1.000000   0.771709\n",
       " Marketcap -0.390560  0.057480 -0.248162 -0.249276  0.771709   1.000000,\n",
       "                High       Low      Open     Close    Volume  Marketcap\n",
       " High       1.000000  0.996022  0.997100  0.997012  0.783893   0.970869\n",
       " Low        0.996022  1.000000  0.998351  0.998963  0.764186   0.971922\n",
       " Open       0.997100  0.998351  1.000000  0.997881  0.779980   0.972549\n",
       " Close      0.997012  0.998963  0.997881  1.000000  0.776015   0.972736\n",
       " Volume     0.783893  0.764186  0.779980  0.776015  1.000000   0.803142\n",
       " Marketcap  0.970869  0.971922  0.972549  0.972736  0.803142   1.000000,\n",
       "                High       Low      Open     Close    Volume  Marketcap\n",
       " High       1.000000  0.991191  0.995062  0.996202  0.522385   0.990438\n",
       " Low        0.991191  1.000000  0.993275  0.995318  0.490155   0.990932\n",
       " Open       0.995062  0.993275  1.000000  0.991761  0.502768   0.986632\n",
       " Close      0.996202  0.995318  0.991761  1.000000  0.513277   0.995299\n",
       " Volume     0.522385  0.490155  0.502768  0.513277  1.000000   0.554915\n",
       " Marketcap  0.990438  0.990932  0.986632  0.995299  0.554915   1.000000]"
      ]
     },
     "execution_count": 11,
     "metadata": {},
     "output_type": "execute_result"
    }
   ],
   "source": [
    "corr = []\n",
    "for crypto in big_crypto['Name'].unique():\n",
    "    temp_df = big_crypto[big_crypto['Name'] == crypto]\n",
    "    corr.append(temp_df.drop(columns = 'SNo').corr())\n",
    "corr"
   ]
  },
  {
   "cell_type": "code",
   "execution_count": 12,
   "metadata": {},
   "outputs": [],
   "source": [
    "import matplotlib.pyplot as plt\n",
    "import numpy as np\n",
    "\n",
    "rs = np.random.RandomState(0)\n",
    "df = pd.DataFrame(rs.rand(10, 10))\n",
    "for i in range(0,len(big_crypto['Name'].unique())):\n",
    "    corr[i].style.background_gradient(cmap='YlOrRd')"
   ]
  },
  {
   "cell_type": "markdown",
   "metadata": {},
   "source": [
    "Plot some popular crypto heatmaps"
   ]
  },
  {
   "cell_type": "code",
   "execution_count": 14,
   "metadata": {},
   "outputs": [
    {
     "data": {
      "text/html": [
       "<style type=\"text/css\">\n",
       "#T_afd49_row0_col0, #T_afd49_row1_col1, #T_afd49_row2_col2, #T_afd49_row3_col3, #T_afd49_row3_col5, #T_afd49_row4_col4, #T_afd49_row5_col3, #T_afd49_row5_col5 {\n",
       "  background-color: #800026;\n",
       "  color: #f1f1f1;\n",
       "}\n",
       "#T_afd49_row0_col1, #T_afd49_row2_col3, #T_afd49_row2_col5 {\n",
       "  background-color: #8f0026;\n",
       "  color: #f1f1f1;\n",
       "}\n",
       "#T_afd49_row0_col2, #T_afd49_row0_col5 {\n",
       "  background-color: #880026;\n",
       "  color: #f1f1f1;\n",
       "}\n",
       "#T_afd49_row0_col3, #T_afd49_row3_col2 {\n",
       "  background-color: #8d0026;\n",
       "  color: #f1f1f1;\n",
       "}\n",
       "#T_afd49_row0_col4 {\n",
       "  background-color: #fea044;\n",
       "  color: #000000;\n",
       "}\n",
       "#T_afd49_row1_col0 {\n",
       "  background-color: #9b0026;\n",
       "  color: #f1f1f1;\n",
       "}\n",
       "#T_afd49_row1_col2 {\n",
       "  background-color: #c00225;\n",
       "  color: #f1f1f1;\n",
       "}\n",
       "#T_afd49_row1_col3, #T_afd49_row1_col5 {\n",
       "  background-color: #840026;\n",
       "  color: #f1f1f1;\n",
       "}\n",
       "#T_afd49_row1_col4, #T_afd49_row4_col0, #T_afd49_row4_col1, #T_afd49_row4_col2, #T_afd49_row4_col3, #T_afd49_row4_col5 {\n",
       "  background-color: #ffffcc;\n",
       "  color: #000000;\n",
       "}\n",
       "#T_afd49_row2_col0, #T_afd49_row5_col0, #T_afd49_row5_col2 {\n",
       "  background-color: #8b0026;\n",
       "  color: #f1f1f1;\n",
       "}\n",
       "#T_afd49_row2_col1 {\n",
       "  background-color: #be0126;\n",
       "  color: #f1f1f1;\n",
       "}\n",
       "#T_afd49_row2_col4 {\n",
       "  background-color: #fff8bb;\n",
       "  color: #000000;\n",
       "}\n",
       "#T_afd49_row3_col0 {\n",
       "  background-color: #950026;\n",
       "  color: #f1f1f1;\n",
       "}\n",
       "#T_afd49_row3_col1, #T_afd49_row5_col1 {\n",
       "  background-color: #820026;\n",
       "  color: #f1f1f1;\n",
       "}\n",
       "#T_afd49_row3_col4 {\n",
       "  background-color: #ffe691;\n",
       "  color: #000000;\n",
       "}\n",
       "#T_afd49_row5_col4 {\n",
       "  background-color: #fedb7a;\n",
       "  color: #000000;\n",
       "}\n",
       "</style>\n",
       "<table id=\"T_afd49_\">\n",
       "  <thead>\n",
       "    <tr>\n",
       "      <th class=\"blank level0\" >&nbsp;</th>\n",
       "      <th class=\"col_heading level0 col0\" >High</th>\n",
       "      <th class=\"col_heading level0 col1\" >Low</th>\n",
       "      <th class=\"col_heading level0 col2\" >Open</th>\n",
       "      <th class=\"col_heading level0 col3\" >Close</th>\n",
       "      <th class=\"col_heading level0 col4\" >Volume</th>\n",
       "      <th class=\"col_heading level0 col5\" >Marketcap</th>\n",
       "    </tr>\n",
       "  </thead>\n",
       "  <tbody>\n",
       "    <tr>\n",
       "      <th id=\"T_afd49_level0_row0\" class=\"row_heading level0 row0\" >High</th>\n",
       "      <td id=\"T_afd49_row0_col0\" class=\"data row0 col0\" >1.000000</td>\n",
       "      <td id=\"T_afd49_row0_col1\" class=\"data row0 col1\" >0.994920</td>\n",
       "      <td id=\"T_afd49_row0_col2\" class=\"data row0 col2\" >0.997585</td>\n",
       "      <td id=\"T_afd49_row0_col3\" class=\"data row0 col3\" >0.995982</td>\n",
       "      <td id=\"T_afd49_row0_col4\" class=\"data row0 col4\" >0.910802</td>\n",
       "      <td id=\"T_afd49_row0_col5\" class=\"data row0 col5\" >0.997859</td>\n",
       "    </tr>\n",
       "    <tr>\n",
       "      <th id=\"T_afd49_level0_row1\" class=\"row_heading level0 row1\" >Low</th>\n",
       "      <td id=\"T_afd49_row1_col0\" class=\"data row1 col0\" >0.994920</td>\n",
       "      <td id=\"T_afd49_row1_col1\" class=\"data row1 col1\" >1.000000</td>\n",
       "      <td id=\"T_afd49_row1_col2\" class=\"data row1 col2\" >0.979406</td>\n",
       "      <td id=\"T_afd49_row1_col3\" class=\"data row1 col3\" >0.998886</td>\n",
       "      <td id=\"T_afd49_row1_col4\" class=\"data row1 col4\" >0.841900</td>\n",
       "      <td id=\"T_afd49_row1_col5\" class=\"data row1 col5\" >0.998934</td>\n",
       "    </tr>\n",
       "    <tr>\n",
       "      <th id=\"T_afd49_level0_row2\" class=\"row_heading level0 row2\" >Open</th>\n",
       "      <td id=\"T_afd49_row2_col0\" class=\"data row2 col0\" >0.997585</td>\n",
       "      <td id=\"T_afd49_row2_col1\" class=\"data row2 col1\" >0.979406</td>\n",
       "      <td id=\"T_afd49_row2_col2\" class=\"data row2 col2\" >1.000000</td>\n",
       "      <td id=\"T_afd49_row2_col3\" class=\"data row2 col3\" >0.995434</td>\n",
       "      <td id=\"T_afd49_row2_col4\" class=\"data row2 col4\" >0.849336</td>\n",
       "      <td id=\"T_afd49_row2_col5\" class=\"data row2 col5\" >0.996037</td>\n",
       "    </tr>\n",
       "    <tr>\n",
       "      <th id=\"T_afd49_level0_row3\" class=\"row_heading level0 row3\" >Close</th>\n",
       "      <td id=\"T_afd49_row3_col0\" class=\"data row3 col0\" >0.995982</td>\n",
       "      <td id=\"T_afd49_row3_col1\" class=\"data row3 col1\" >0.998886</td>\n",
       "      <td id=\"T_afd49_row3_col2\" class=\"data row3 col2\" >0.995434</td>\n",
       "      <td id=\"T_afd49_row3_col3\" class=\"data row3 col3\" >1.000000</td>\n",
       "      <td id=\"T_afd49_row3_col4\" class=\"data row3 col4\" >0.869048</td>\n",
       "      <td id=\"T_afd49_row3_col5\" class=\"data row3 col5\" >0.999624</td>\n",
       "    </tr>\n",
       "    <tr>\n",
       "      <th id=\"T_afd49_level0_row4\" class=\"row_heading level0 row4\" >Volume</th>\n",
       "      <td id=\"T_afd49_row4_col0\" class=\"data row4 col0\" >0.910802</td>\n",
       "      <td id=\"T_afd49_row4_col1\" class=\"data row4 col1\" >0.841900</td>\n",
       "      <td id=\"T_afd49_row4_col2\" class=\"data row4 col2\" >0.849336</td>\n",
       "      <td id=\"T_afd49_row4_col3\" class=\"data row4 col3\" >0.869048</td>\n",
       "      <td id=\"T_afd49_row4_col4\" class=\"data row4 col4\" >1.000000</td>\n",
       "      <td id=\"T_afd49_row4_col5\" class=\"data row4 col5\" >0.879948</td>\n",
       "    </tr>\n",
       "    <tr>\n",
       "      <th id=\"T_afd49_level0_row5\" class=\"row_heading level0 row5\" >Marketcap</th>\n",
       "      <td id=\"T_afd49_row5_col0\" class=\"data row5 col0\" >0.997859</td>\n",
       "      <td id=\"T_afd49_row5_col1\" class=\"data row5 col1\" >0.998934</td>\n",
       "      <td id=\"T_afd49_row5_col2\" class=\"data row5 col2\" >0.996037</td>\n",
       "      <td id=\"T_afd49_row5_col3\" class=\"data row5 col3\" >0.999624</td>\n",
       "      <td id=\"T_afd49_row5_col4\" class=\"data row5 col4\" >0.879948</td>\n",
       "      <td id=\"T_afd49_row5_col5\" class=\"data row5 col5\" >1.000000</td>\n",
       "    </tr>\n",
       "  </tbody>\n",
       "</table>\n"
      ],
      "text/plain": [
       "<pandas.io.formats.style.Styler at 0x164ba8f8>"
      ]
     },
     "execution_count": 14,
     "metadata": {},
     "output_type": "execute_result"
    }
   ],
   "source": [
    "    #Bitcoin\n",
    "    corr[2].style.background_gradient(cmap='YlOrRd')"
   ]
  },
  {
   "cell_type": "code",
   "execution_count": 15,
   "metadata": {},
   "outputs": [
    {
     "data": {
      "text/html": [
       "<style type=\"text/css\">\n",
       "#T_1466f_row0_col0, #T_1466f_row1_col1, #T_1466f_row2_col2, #T_1466f_row3_col3, #T_1466f_row4_col4, #T_1466f_row5_col5 {\n",
       "  background-color: #800026;\n",
       "  color: #f1f1f1;\n",
       "}\n",
       "#T_1466f_row0_col1, #T_1466f_row2_col3 {\n",
       "  background-color: #8a0026;\n",
       "  color: #f1f1f1;\n",
       "}\n",
       "#T_1466f_row0_col2, #T_1466f_row3_col5, #T_1466f_row5_col3 {\n",
       "  background-color: #840026;\n",
       "  color: #f1f1f1;\n",
       "}\n",
       "#T_1466f_row0_col3, #T_1466f_row3_col0 {\n",
       "  background-color: #820026;\n",
       "  color: #f1f1f1;\n",
       "}\n",
       "#T_1466f_row0_col4 {\n",
       "  background-color: #ffeda1;\n",
       "  color: #000000;\n",
       "}\n",
       "#T_1466f_row0_col5, #T_1466f_row1_col2, #T_1466f_row1_col5, #T_1466f_row2_col1, #T_1466f_row3_col2, #T_1466f_row5_col0, #T_1466f_row5_col1 {\n",
       "  background-color: #880026;\n",
       "  color: #f1f1f1;\n",
       "}\n",
       "#T_1466f_row1_col0, #T_1466f_row5_col2 {\n",
       "  background-color: #8b0026;\n",
       "  color: #f1f1f1;\n",
       "}\n",
       "#T_1466f_row1_col3, #T_1466f_row2_col0, #T_1466f_row3_col1 {\n",
       "  background-color: #860026;\n",
       "  color: #f1f1f1;\n",
       "}\n",
       "#T_1466f_row1_col4, #T_1466f_row4_col0, #T_1466f_row4_col1, #T_1466f_row4_col2, #T_1466f_row4_col3, #T_1466f_row4_col5 {\n",
       "  background-color: #ffffcc;\n",
       "  color: #000000;\n",
       "}\n",
       "#T_1466f_row2_col4 {\n",
       "  background-color: #fff7b9;\n",
       "  color: #000000;\n",
       "}\n",
       "#T_1466f_row2_col5 {\n",
       "  background-color: #8d0026;\n",
       "  color: #f1f1f1;\n",
       "}\n",
       "#T_1466f_row3_col4 {\n",
       "  background-color: #fff2ac;\n",
       "  color: #000000;\n",
       "}\n",
       "#T_1466f_row5_col4 {\n",
       "  background-color: #ffec9f;\n",
       "  color: #000000;\n",
       "}\n",
       "</style>\n",
       "<table id=\"T_1466f_\">\n",
       "  <thead>\n",
       "    <tr>\n",
       "      <th class=\"blank level0\" >&nbsp;</th>\n",
       "      <th class=\"col_heading level0 col0\" >High</th>\n",
       "      <th class=\"col_heading level0 col1\" >Low</th>\n",
       "      <th class=\"col_heading level0 col2\" >Open</th>\n",
       "      <th class=\"col_heading level0 col3\" >Close</th>\n",
       "      <th class=\"col_heading level0 col4\" >Volume</th>\n",
       "      <th class=\"col_heading level0 col5\" >Marketcap</th>\n",
       "    </tr>\n",
       "  </thead>\n",
       "  <tbody>\n",
       "    <tr>\n",
       "      <th id=\"T_1466f_level0_row0\" class=\"row_heading level0 row0\" >High</th>\n",
       "      <td id=\"T_1466f_row0_col0\" class=\"data row0 col0\" >1.000000</td>\n",
       "      <td id=\"T_1466f_row0_col1\" class=\"data row0 col1\" >0.994308</td>\n",
       "      <td id=\"T_1466f_row0_col2\" class=\"data row0 col2\" >0.997223</td>\n",
       "      <td id=\"T_1466f_row0_col3\" class=\"data row0 col3\" >0.998240</td>\n",
       "      <td id=\"T_1466f_row0_col4\" class=\"data row0 col4\" >0.764555</td>\n",
       "      <td id=\"T_1466f_row0_col5\" class=\"data row0 col5\" >0.995786</td>\n",
       "    </tr>\n",
       "    <tr>\n",
       "      <th id=\"T_1466f_level0_row1\" class=\"row_heading level0 row1\" >Low</th>\n",
       "      <td id=\"T_1466f_row1_col0\" class=\"data row1 col0\" >0.994308</td>\n",
       "      <td id=\"T_1466f_row1_col1\" class=\"data row1 col1\" >1.000000</td>\n",
       "      <td id=\"T_1466f_row1_col2\" class=\"data row1 col2\" >0.995365</td>\n",
       "      <td id=\"T_1466f_row1_col3\" class=\"data row1 col3\" >0.996618</td>\n",
       "      <td id=\"T_1466f_row1_col4\" class=\"data row1 col4\" >0.731860</td>\n",
       "      <td id=\"T_1466f_row1_col5\" class=\"data row1 col5\" >0.995527</td>\n",
       "    </tr>\n",
       "    <tr>\n",
       "      <th id=\"T_1466f_level0_row2\" class=\"row_heading level0 row2\" >Open</th>\n",
       "      <td id=\"T_1466f_row2_col0\" class=\"data row2 col0\" >0.997223</td>\n",
       "      <td id=\"T_1466f_row2_col1\" class=\"data row2 col1\" >0.995365</td>\n",
       "      <td id=\"T_1466f_row2_col2\" class=\"data row2 col2\" >1.000000</td>\n",
       "      <td id=\"T_1466f_row2_col3\" class=\"data row2 col3\" >0.995126</td>\n",
       "      <td id=\"T_1466f_row2_col4\" class=\"data row2 col4\" >0.746914</td>\n",
       "      <td id=\"T_1466f_row2_col5\" class=\"data row2 col5\" >0.993291</td>\n",
       "    </tr>\n",
       "    <tr>\n",
       "      <th id=\"T_1466f_level0_row3\" class=\"row_heading level0 row3\" >Close</th>\n",
       "      <td id=\"T_1466f_row3_col0\" class=\"data row3 col0\" >0.998240</td>\n",
       "      <td id=\"T_1466f_row3_col1\" class=\"data row3 col1\" >0.996618</td>\n",
       "      <td id=\"T_1466f_row3_col2\" class=\"data row3 col2\" >0.995126</td>\n",
       "      <td id=\"T_1466f_row3_col3\" class=\"data row3 col3\" >1.000000</td>\n",
       "      <td id=\"T_1466f_row3_col4\" class=\"data row3 col4\" >0.756520</td>\n",
       "      <td id=\"T_1466f_row3_col5\" class=\"data row3 col5\" >0.998078</td>\n",
       "    </tr>\n",
       "    <tr>\n",
       "      <th id=\"T_1466f_level0_row4\" class=\"row_heading level0 row4\" >Volume</th>\n",
       "      <td id=\"T_1466f_row4_col0\" class=\"data row4 col0\" >0.764555</td>\n",
       "      <td id=\"T_1466f_row4_col1\" class=\"data row4 col1\" >0.731860</td>\n",
       "      <td id=\"T_1466f_row4_col2\" class=\"data row4 col2\" >0.746914</td>\n",
       "      <td id=\"T_1466f_row4_col3\" class=\"data row4 col3\" >0.756520</td>\n",
       "      <td id=\"T_1466f_row4_col4\" class=\"data row4 col4\" >1.000000</td>\n",
       "      <td id=\"T_1466f_row4_col5\" class=\"data row4 col5\" >0.767113</td>\n",
       "    </tr>\n",
       "    <tr>\n",
       "      <th id=\"T_1466f_level0_row5\" class=\"row_heading level0 row5\" >Marketcap</th>\n",
       "      <td id=\"T_1466f_row5_col0\" class=\"data row5 col0\" >0.995786</td>\n",
       "      <td id=\"T_1466f_row5_col1\" class=\"data row5 col1\" >0.995527</td>\n",
       "      <td id=\"T_1466f_row5_col2\" class=\"data row5 col2\" >0.993291</td>\n",
       "      <td id=\"T_1466f_row5_col3\" class=\"data row5 col3\" >0.998078</td>\n",
       "      <td id=\"T_1466f_row5_col4\" class=\"data row5 col4\" >0.767113</td>\n",
       "      <td id=\"T_1466f_row5_col5\" class=\"data row5 col5\" >1.000000</td>\n",
       "    </tr>\n",
       "  </tbody>\n",
       "</table>\n"
      ],
      "text/plain": [
       "<pandas.io.formats.style.Styler at 0x1723e8c8>"
      ]
     },
     "execution_count": 15,
     "metadata": {},
     "output_type": "execute_result"
    }
   ],
   "source": [
    "    #Cardano\n",
    "    corr[3].style.background_gradient(cmap='YlOrRd')"
   ]
  },
  {
   "cell_type": "code",
   "execution_count": 16,
   "metadata": {},
   "outputs": [
    {
     "data": {
      "text/html": [
       "<style type=\"text/css\">\n",
       "#T_9d3b4_row0_col0, #T_9d3b4_row1_col1, #T_9d3b4_row2_col2, #T_9d3b4_row3_col3, #T_9d3b4_row4_col4, #T_9d3b4_row5_col5 {\n",
       "  background-color: #800026;\n",
       "  color: #f1f1f1;\n",
       "}\n",
       "#T_9d3b4_row0_col1, #T_9d3b4_row0_col5, #T_9d3b4_row1_col0, #T_9d3b4_row1_col2, #T_9d3b4_row1_col5, #T_9d3b4_row2_col1, #T_9d3b4_row2_col3, #T_9d3b4_row3_col2, #T_9d3b4_row5_col0, #T_9d3b4_row5_col1 {\n",
       "  background-color: #860026;\n",
       "  color: #f1f1f1;\n",
       "}\n",
       "#T_9d3b4_row0_col2, #T_9d3b4_row0_col3, #T_9d3b4_row1_col3, #T_9d3b4_row2_col0, #T_9d3b4_row3_col0, #T_9d3b4_row3_col1, #T_9d3b4_row3_col5, #T_9d3b4_row5_col3 {\n",
       "  background-color: #820026;\n",
       "  color: #f1f1f1;\n",
       "}\n",
       "#T_9d3b4_row0_col4 {\n",
       "  background-color: #fff7b7;\n",
       "  color: #000000;\n",
       "}\n",
       "#T_9d3b4_row1_col4, #T_9d3b4_row4_col0, #T_9d3b4_row4_col1, #T_9d3b4_row4_col2, #T_9d3b4_row4_col3, #T_9d3b4_row4_col5 {\n",
       "  background-color: #ffffcc;\n",
       "  color: #000000;\n",
       "}\n",
       "#T_9d3b4_row2_col4 {\n",
       "  background-color: #fff9bd;\n",
       "  color: #000000;\n",
       "}\n",
       "#T_9d3b4_row2_col5, #T_9d3b4_row5_col2 {\n",
       "  background-color: #8a0026;\n",
       "  color: #f1f1f1;\n",
       "}\n",
       "#T_9d3b4_row3_col4 {\n",
       "  background-color: #fffac1;\n",
       "  color: #000000;\n",
       "}\n",
       "#T_9d3b4_row5_col4 {\n",
       "  background-color: #fff1a9;\n",
       "  color: #000000;\n",
